100 128
15 49 108 90 92 119 35 33 88 8 29 69 0 73 78 5 56 45 126 32 105 107 100 85 118 51 109 5 57 16 61 0 109 12 64 76 108 66 125 75 57 66 100 27 103 95 93 85 101 31 97 8 103 120 98 113 63 95 24 35 47 4 20 76 18 91 107 106 78 36 33 28 18 29 20 44 36 97 31 77 100 2 125 98 49 10 60 102 91 36 26 43 33 48 47 117 100 2 79 56 
2 1
3 2
4 2
5 1
6 4
7 3
8 1
9 7
10 1
11 3
12 6
13 3
14 8
15 2
16 7
17 16
18 17
19 1
20 7
21 14
22 11
23 19
24 13
25 7
26 5
27 7
28 14
29 1
30 28
31 6
32 15
33 27
34 30
35 34
36 6
37 7
38 35
39 13
40 28
41 36
42 41
43 8
44 16
45 22
46 36
47 25
48 24
49 8
50 21
51 43
52 1
53 30
54 15
55 41
56 43
57 23
58 31
59 21
60 12
61 51
62 9
63 20
64 26
65 38
66 51
67 37
68 61
69 30
70 6
71 2
72 60
73 22
74 20
75 13
76 35
77 8
78 20
79 13
80 2
81 72
82 10
83 75
84 52
85 35
86 9
87 20
88 53
89 59
90 89
91 39
92 44
93 70
94 84
95 79
96 56
97 21
98 13
99 42
100 80
