100 10 100
0 1 2 4 4 8 6 2 6 3 4 7 2 5 1 4 0 8 3 3 6 9 8 8 6 5 1 9 0 9 6 3 1 4 2 4 1 1 0 2 6 0 4 3 4 2 3 2 3 9 5 9 7 6 1 9 2 8 8 6 7 0 0 8 3 2 6 5 1 1 9 6 1 1 4 8 5 7 6 1 0 8 9 7 6 6 4 7 9 3 7 6 5 9 1 7 0 1 1 3
8 29
3 89
4 87
5 38
6 74
9 4
1 10
7 73
6 69
7 70
3 61
3 58
1 36
7 41
3 37
4 19
0 16
7 76
9 62
4 52
2 49
7 100
4 98
2 50
1 100
4 69
4 3
4 61
1 6
2 8
3 18
0 6
2 86
4 12
6 25
4 4
3 74
9 23
6 40
5 36
7 15
0 33
3 29
3 14
1 28
6 26
9 39
7 78
6 20
0 44
8 9
3 98
5 70
4 8
9 42
5 33
5 48
8 24
7 88
5 81
7 21
3 51
8 7
1 99
2 9
0 32
1 84
3 95
6 25
5 88
5 97
2 84
0 16
2 15
2 92
5 68
3 70
7 99
9 22
1 88
2 66
7 37
8 6
4 27
0 97
3 85
8 52
6 65
6 98
9 67
1 66
9 59
8 92
9 75
1 40
0 25
1 15
3 2
6 24
4 76
