100 4 104796
262 316
497 814
872 1171
1608 1615
1825 1950
2002 2470
3182 3965
4004 4710
4943 4982
5298 5446
6137 6242
6675 7379
7510 8380
8385 8828
8862 9555
9774 9822
9868 9968
10121 10137
10670 11039
11044 11301
11512 11761
12046 12151
12379 12807
13064 13202
13485 13998
14610 14745
15524 15694
16339 17227
17326 17441
17851 17898
17984 18623
18631 18634
18767 18834
19042 19119
19134 19327
19831 19880
20071 20225
20402 20410
20425 20846
21111 21177
21295 21396
21727 22098
22240 22436
22555 22718
22877 23003
23037 23098
23247 23401
24179 24202
24360 24831
25226 25288
25457 25489
25627 25747
25778 25959
26547 26867
26899 26950
27423 27790
28280 28350
28525 28561
28671 29409
29608 29804
29850 29984
30170 30607
30859 31630
31959 31970
32095 32156
32248 32383
32502 32681
32717 32757
33102 33251
33419 33624
33702 34088
34210 34903
35199 36193
36648 36716
37047 37220
37341 37833
38008 38067
38218 38622
38915 39021
39787 40436
41140 41324
41529 42193
42305 42750
42875 43257
43387 43409
43473 43540
44299 44305
44761 45022
45062 45082
45251 45420
45503 45541
45606 46137
46139 46279
46814 47037
47177 47300
47661 48155
48371 48391
48408 48485
48974 49213
49372 49599
