100 100
aaaabbbbabaaaabbabbabaaaaabbbbabbaaaaabaababaaabbbaabbabbababababaaabbbbabababaaababaaaabbbbbbaababb
96 17 10 28 63 83 53 74 65 71 12 61 31 6 88 44 27 40 15 53 89 34 74 10 20 14 30 23 6 51 4 25 66 74 14 73 50 83 49 51 78 47 6 59 60 38 45 77 23 61 23 73 74 26 6 28 41 47 92 78 19 96 79 44 54 12 79 86 27 19 57 4 31 39 37 32 7 75 6 32 61 90 32 29 12 67 61 99 76 41 79 13 13 68 59 26 23 66 2 72
1 65 10
74 79 1
18 84 1
88 88 9
44 85 10
69 81 9
25 38 3
20 100 5
59 60 6
55 79 6
44 69 6
42 99 8
8 70 1
72 95 5
40 86 9
34 97 6
6 92 2
70 79 3
1 27 3
86 96 9
47 52 3
76 79 3
53 100 3
63 81 3
27 55 2
88 94 10
82 97 7
9 50 10
14 34 9
59 68 3
42 51 7
43 87 7
44 70 7
48 63 1
40 76 8
24 89 7
15 73 9
21 87 2
40 55 2
9 24 4
11 41 4
47 60 10
56 89 7
1 72 5
6 78 9
85 100 1
11 77 7
54 94 9
86 96 2
62 63 6
9 80 4
91 94 6
72 79 3
58 99 7
55 79 2
30 53 2
32 79 6
46 60 5
38 87 7
12 63 4
6 38 3
7 40 1
14 80 4
49 97 7
2 96 7
59 86 4
3 32 2
27 83 10
72 88 9
32 100 4
4 23 3
68 98 7
34 54 5
15 86 6
38 71 10
5 76 10
11 60 10
15 53 9
46 91 6
14 33 7
2 64 6
42 95 9
61 91 9
76 77 3
19 30 1
9 97 9
57 97 3
62 82 7
21 66 2
27 43 6
38 59 7
27 84 2
20 100 6
14 77 1
39 57 7
57 65 2
2 28 6
56 59 8
78 100 7
47 90 2
