1000
34 88 67 13 58 74 95 90 92 69 58 95 90 54 78 24 36 72 16 83 53 13 78 16 96 100 41 37 16 52 62 71 70 75 20 80 70 16 46 24 17 30 83 98 33 31 84 86 56 84 71 77 18 17 53 88 65 4 55 6 51 48 39 55 89 100 73 98 59 66 16 13 18 20 75 68 71 70 47 71 73 5 11 43 40 29 24 3 26 21 7 77 28 44 74 38 89 4 79 59 24 72 31 73 23 21 53 3 85 30 50 16 1 49 7 89 45 17 65 46 12 63 97 69 50 34 55 17 82 64 70 4 5 27 99 39 12 61 40 97 51 78 54 89 9 54 13 20 59 37 25 68 64 1 71 70 47 46 71 36 65 70 59 93 19 90 22 74 96 84 57 66 71 88 14 79 59 94 28 62 85 71 78 54 10 34 82 18 44 81 82 1 89 70 31 18 47 14 23 84 16 58 70 85 4 81 76 56 11 33 15 48 80 66 78 34 67 64 64 35 67 99 2 20 15 47 25 79 89 78 97 21 3 73 36 4 67 34 99 67 59 5 54 80 39 4 69 81 28 92 44 68 31 57 10 24 69 34 36 83 11 78 52 26 66 64 74 26 39 3 52 94 45 88 91 23 6 90 48 44 31 36 95 87 13 15 74 96 14 56 50 96 22 77 47 54 79 88 13 50 63 92 45 67 85 11 49 91 5 81 22 63 40 92 17 70 98 18 33 59 93 43 76 87 83 25 16 13 38 60 58 72 64 75 91 68 16 49 34 3 93 96 78 83 71 19 68 62 46 90 12 34 10 66 64 76 55 73 36 38 59 13 80 4 63 3 77 31 80 22 83 33 94 42 27 65 35 35 57 23 2 27 40 10 20 45 73 35 59 66 87 60 33 19 91 92 3 56 22 9 53 77 11 85 98 28 50 70 21 32 95 66 32 66 73 88 55 63 53 43 86 45 17 5 25 9 93 4 5 40 56 64 67 43 98 39 45 76 20 66 7 52 50 1 36 29 91 87 51 94 57 73 62 28 12 8 5 19 48 24 21 14 61 67 72 20 14 73 49 45 37 84 48 89 41 14 60 35 43 97 15 42 29 63 57 59 57 90 98 76 13 30 51 70 87 15 80 94 51 46 79 35 40 89 99 67 11 26 22 90 11 33 29 76 14 22 73 82 10 93 42 92 55 83 37 88 91 55 39 75 84 79 29 94 86 47 37 27 30 66 66 47 25 47 36 51 66 56 42 5 48 47 72 67 61 55 47 52 75 79 92 21 6 68 7 51 56 42 53 35 22 93 47 83 15 89 52 60 36 3 98 42 40 57 54 91 36 74 25 93 70 26 37 68 69 7 38 82 29 89 2 11 94 97 17 100 42 49 82 69 99 94 1 49 59 40 43 75 2 15 2 20 42 32 22 61 3 12 98 78 36 4 8 85 100 29 91 17 72 7 86 8 49 49 47 85 30 79 88 86 68 14 93 28 33 87 58 95 91 15 59 10 92 2 49 98 7 10 3 87 49 28 60 17 62 40 74 61 37 23 37 28 21 76 13 18 100 9 29 48 75 91 93 76 51 47 52 98 20 51 69 20 67 55 54 80 31 25 31 69 29 57 22 59 44 94 12 95 33 27 79 19 34 12 72 79 45 64 77 74 6 87 100 47 22 74 76 9 65 11 95 99 92 93 95 51 26 84 58 65 100 61 100 62 76 84 4 72 51 36 76 48 19 36 8 63 99 77 27 6 18 19 15 33 23 100 71 48 60 27 55 16 24 92 65 64 53 55 67 89 53 47 44 74 26 23 97 85 1 76 61 86 21 79 91 29 84 97 72 67 17 83 36 36 55 74 5 26 74 44 15 97 35 4 57 7 54 23 84 66 85 51 68 45 88 74 81 3 63 9 14 3 16 28 65 36 57 99 60 14 72 68 12 27 53 46 31 76 90 59 61 43 33 3 22 55 41 79 2 91 69 18 90 52 84 90 21 18 78 21 87 32 1 10 16 35 72 35 6 15 76 97 29 41 27 29 57 21 38 24 11 15 44 9 23 96 33 64 79 19 28 95 32 79 5 72 6 49 30 63 52 62 80 32 77 54 5 100 9 83 1 67 61 67 44 10 52 20 97 95 46 13 58 55 72 11 81 62 38 42 41 39 4 92 48 4 82 24 36 7 100 48 93 5 69 79 67 53 32 31 77 81 39 95 45 89 5 82 92 53 15 93 8 36 79 6 65 21 26 5 3 82 79 49 98 90 18 38 80 5 
2 1 78
3 2 67
4 3 25
5 4 33
6 5 33
7 4 67
8 5 72
9 5 31
10 5 12
11 7 25
12 7 29
13 8 52
14 11 25
15 8 51
16 3 68
17 2 83
18 9 6
19 8 20
20 19 78
21 20 36
22 1 43
23 8 87
24 9 79
25 20 53
26 22 98
27 7 26
28 1 92
29 18 30
30 13 63
31 22 27
32 1 1
33 18 75
34 32 79
35 31 77
36 33 77
37 24 61
38 5 89
39 13 55
40 36 93
41 30 27
42 31 19
43 26 54
44 15 15
45 18 10
46 34 5
47 32 57
48 33 59
49 7 30
50 13 70
51 39 57
52 22 5
53 28 69
54 41 75
55 22 9
56 8 98
57 33 60
58 8 42
59 40 63
60 30 1
61 20 72
62 41 56
63 4 81
64 44 57
65 40 69
66 49 85
67 32 33
68 20 27
69 14 53
70 7 43
71 63 57
72 9 22
73 28 98
74 5 40
75 18 6
76 11 46
77 60 39
78 20 14
79 17 76
80 8 79
81 9 53
82 45 31
83 36 58
84 76 29
85 14 92
86 78 45
87 23 87
88 58 8
89 33 73
90 2 82
91 77 45
92 36 48
93 75 84
94 31 93
95 13 54
96 87 42
97 76 64
98 24 51
99 92 23
100 15 99
101 18 80
102 8 64
103 83 49
104 75 45
105 37 54
106 50 32
107 74 40
108 72 18
109 22 74
110 23 100
111 105 43
112 85 27
113 54 37
114 95 38
115 24 7
116 32 60
117 111 42
118 6 92
119 41 91
120 98 26
121 89 85
122 82 68
123 104 37
124 40 56
125 55 98
126 58 49
127 74 76
128 10 68
129 10 17
130 32 15
131 113 66
132 121 96
133 98 40
134 29 44
135 70 54
136 117 81
137 105 45
138 106 93
139 63 54
140 55 57
141 80 7
142 88 97
143 23 74
144 8 33
145 23 63
146 103 58
147 14 15
148 72 74
149 102 41
150 107 39
151 136 57
152 124 30
153 101 84
154 17 67
155 35 90
156 42 8
157 76 88
158 135 11
159 115 72
160 59 7
161 88 95
162 58 63
163 132 41
164 46 84
165 120 67
166 95 1
167 10 25
168 42 98
169 24 46
170 58 22
171 146 23
172 126 19
173 131 54
174 78 20
175 100 28
176 120 59
177 129 51
178 123 45
179 91 38
180 9 90
181 125 27
182 146 21
183 173 56
184 101 54
185 96 85
186 51 56
187 37 20
188 95 90
189 168 89
190 138 52
191 104 91
192 117 83
193 39 56
194 62 52
195 72 67
196 177 52
197 68 8
198 168 16
199 113 83
200 143 92
201 140 20
202 94 36
203 89 59
204 134 52
205 100 15
206 116 34
207 159 99
208 58 31
209 3 39
210 175 81
211 166 87
212 158 52
213 67 37
214 45 14
215 29 20
216 180 78
217 63 51
218 1 100
219 154 6
220 27 86
221 92 57
222 100 20
223 202 61
224 62 94
225 127 14
226 115 5
227 159 21
228 182 47
229 13 56
230 109 14
231 100 92
232 27 100
233 120 80
234 129 44
235 39 62
236 14 24
237 189 39
238 85 54
239 4 17
240 181 58
241 156 7
242 130 75
243 221 6
244 85 39
245 59 65
246 212 74
247 164 76
248 22 14
249 205 52
250 128 15
251 241 19
252 69 62
253 27 27
254 94 51
255 225 51
256 115 50
257 147 65
258 17 74
259 237 65
260 107 88
261 23 10
262 131 20
263 246 56
264 111 62
265 170 82
266 195 17
267 239 2
268 50 81
269 27 70
270 69 28
271 28 40
272 69 35
273 221 69
274 79 96
275 166 47
276 233 16
277 240 76
278 5 87
279 30 85
280 22 80
281 138 29
282 111 33
283 44 2
284 73 29
285 92 32
286 278 20
287 255 25
288 243 18
289 205 3
290 47 88
291 124 25
292 58 5
293 103 97
294 151 10
295 47 77
296 71 93
297 285 54
298 93 44
299 69 82
300 125 77
301 80 83
302 70 11
303 153 92
304 148 7
305 271 94
306 168 42
307 56 94
308 6 88
309 295 39
310 289 31
311 266 57
312 105 91
313 98 21
314 312 8
315 191 69
316 53 9
317 108 86
318 117 58
319 64 85
320 203 51
321 287 50
322 15 76
323 180 62
324 273 89
325 172 79
326 196 89
327 131 48
328 176 39
329 113 25
330 124 88
331 100 56
332 171 92
333 305 75
334 232 74
335 281 95
336 132 22
337 190 36
338 209 26
339 229 94
340 77 99
341 41 50
342 204 10
343 161 50
344 111 43
345 304 79
346 213 33
347 117 37
348 135 63
349 176 31
350 138 31
351 198 91
352 160 52
353 289 59
354 25 29
355 13 5
356 142 94
357 292 100
358 160 36
359 336 58
360 196 20
361 156 46
362 11 59
363 163 75
364 199 77
365 342 69
366 148 19
367 146 86
368 93 82
369 122 52
370 367 30
371 303 95
372 20 16
373 128 97
374 152 16
375 201 96
376 298 68
377 248 83
378 331 71
379 275 11
380 163 66
381 80 66
382 214 33
383 208 56
384 310 75
385 184 75
386 91 69
387 321 91
388 154 77
389 277 3
390 375 53
391 371 5
392 370 21
393 139 76
394 68 87
395 353 48
396 20 83
397 300 83
398 272 45
399 232 90
400 234 47
401 118 71
402 296 96
403 314 85
404 77 4
405 381 44
406 122 48
407 108 31
408 264 29
409 82 17
410 222 49
411 221 52
412 66 44
413 387 46
414 115 42
415 112 76
416 290 19
417 309 53
418 116 46
419 226 51
420 342 23
421 159 50
422 80 56
423 54 15
424 165 66
425 323 13
426 209 63
427 78 93
428 332 89
429 257 83
430 317 6
431 68 95
432 355 52
433 423 58
434 106 28
435 222 75
436 33 16
437 196 31
438 151 100
439 265 28
440 46 6
441 187 50
442 77 21
443 133 52
444 100 47
445 306 94
446 82 29
447 47 99
448 350 41
449 442 53
450 433 91
451 363 75
452 104 24
453 193 43
454 207 44
455 416 56
456 154 40
457 264 85
458 217 66
459 298 17
460 199 93
461 425 11
462 319 57
463 20 28
464 264 86
465 184 71
466 147 2
467 25 13
468 293 71
469 301 76
470 131 15
471 465 65
472 282 93
473 389 23
474 103 81
475 397 94
476 460 87
477 101 94
478 122 36
479 435 13
480 233 1
481 440 1
482 225 25
483 66 4
484 9 80
485 292 21
486 224 94
487 425 77
488 386 79
489 74 34
490 83 87
491 213 3
492 426 88
493 181 90
494 301 71
495 342 70
496 420 95
497 250 21
498 97 37
499 140 72
500 232 61
501 86 94
502 97 91
503 85 32
504 147 56
505 115 77
506 433 56
507 376 66
508 126 23
509 471 49
510 315 53
511 60 35
512 368 1
513 356 14
514 199 92
515 141 58
516 306 87
517 429 51
518 177 36
519 403 97
520 408 16
521 155 66
522 200 26
523 134 66
524 135 84
525 350 30
526 110 26
527 289 12
528 208 94
529 278 37
530 130 92
531 382 26
532 344 93
533 414 8
534 362 27
535 69 78
536 528 91
537 486 22
538 365 46
539 229 29
540 338 17
541 196 41
542 58 57
543 447 17
544 284 28
545 87 8
546 541 52
547 159 53
548 292 60
549 547 93
550 121 37
551 267 8
552 444 22
553 81 30
554 354 58
555 287 18
556 130 62
557 20 6
558 469 68
559 11 43
560 184 18
561 40 79
562 447 42
563 137 12
564 464 1
565 232 20
566 86 6
567 417 50
568 340 7
569 459 69
570 211 27
571 523 90
572 517 24
573 536 24
574 124 78
575 457 53
576 243 53
577 571 43
578 437 36
579 307 76
580 316 54
581 336 43
582 353 1
583 175 86
584 172 14
585 310 11
586 476 18
587 28 12
588 91 62
589 13 28
590 54 49
591 478 38
592 130 82
593 118 100
594 504 6
595 89 45
596 58 24
597 131 5
598 65 30
599 14 94
600 367 31
601 349 79
602 216 10
603 286 50
604 96 83
605 195 2
606 272 6
607 129 70
608 137 64
609 451 54
610 405 40
611 348 42
612 452 98
613 136 77
614 261 72
615 29 84
616 52 46
617 268 74
618 432 94
619 419 64
620 292 67
621 250 73
622 592 28
623 429 35
624 154 25
625 319 89
626 201 1
627 469 61
628 400 67
629 471 88
630 351 13
631 312 30
632 465 3
633 263 84
634 282 8
635 291 74
636 132 83
637 321 10
638 11 38
639 337 55
640 224 76
641 247 31
642 81 2
643 41 4
644 424 90
645 47 73
646 257 14
647 14 93
648 557 14
649 310 12
650 146 64
651 317 92
652 178 11
653 332 36
654 283 96
655 265 75
656 329 93
657 150 90
658 165 92
659 95 70
660 384 18
661 534 27
662 7 29
663 58 83
664 420 69
665 481 64
666 374 23
667 195 45
668 453 95
669 113 32
670 249 76
671 431 9
672 434 31
673 571 6
674 108 52
675 534 23
676 385 29
677 414 23
678 249 64
679 599 77
680 103 74
681 173 78
682 583 21
683 438 91
684 628 52
685 39 52
686 638 74
687 245 30
688 632 16
689 613 43
690 13 36
691 428 50
692 329 95
693 85 33
694 30 56
695 547 96
696 524 69
697 291 11
698 205 31
699 83 47
700 251 96
701 500 26
702 408 27
703 82 58
704 290 21
705 186 27
706 384 59
707 115 75
708 421 69
709 557 26
710 89 27
711 190 24
712 327 81
713 402 13
714 169 28
715 14 27
716 643 44
717 307 27
718 441 10
719 460 81
720 386 90
721 418 75
722 564 93
723 565 30
724 113 94
725 85 57
726 696 53
727 44 86
728 12 25
729 589 11
730 237 20
731 66 10
732 195 18
733 420 90
734 278 40
735 94 28
736 194 19
737 732 52
738 115 78
739 463 15
740 498 9
741 239 93
742 550 25
743 240 12
744 187 17
745 55 31
746 381 96
747 641 100
748 464 100
749 708 22
750 566 38
751 504 48
752 437 81
753 171 63
754 103 76
755 414 33
756 290 53
757 240 9
758 311 41
759 598 25
760 410 90
761 104 31
762 499 84
763 600 64
764 420 95
765 134 21
766 688 24
767 737 58
768 736 96
769 313 76
770 203 84
771 758 12
772 598 41
773 155 92
774 40 50
775 267 68
776 742 47
777 550 26
778 314 38
779 567 11
780 744 7
781 382 24
782 431 87
783 467 81
784 283 90
785 408 79
786 414 94
787 587 33
788 289 81
789 700 48
790 663 20
791 497 68
792 6 72
793 455 2
794 677 74
795 785 85
796 67 76
797 698 43
798 670 79
799 457 75
800 485 6
801 459 38
802 353 42
803 452 25
804 690 61
805 360 79
806 625 35
807 147 30
808 87 13
809 763 76
810 786 44
811 528 57
812 515 99
813 596 69
814 428 41
815 171 3
816 326 5
817 440 54
818 680 97
819 628 90
820 454 4
821 80 35
822 592 77
823 108 13
824 137 2
825 441 20
826 123 71
827 620 53
828 447 37
829 31 94
830 469 82
831 436 84
832 186 90
833 27 63
834 381 22
835 716 45
836 325 77
837 669 79
838 46 46
839 100 47
840 690 90
841 238 8
842 3 2
843 190 30
844 464 20
845 501 28
846 492 56
847 538 21
848 780 38
849 752 82
850 464 78
851 286 19
852 396 20
853 30 89
854 394 73
855 269 55
856 775 44
857 580 43
858 531 77
859 815 80
860 375 13
861 53 74
862 156 48
863 619 60
864 596 96
865 239 89
866 40 22
867 582 60
868 483 12
869 276 69
870 720 23
871 862 58
872 11 63
873 69 29
874 376 94
875 807 18
876 565 9
877 721 20
878 667 1
879 720 77
880 36 49
881 52 85
882 386 67
883 342 97
884 781 50
885 543 39
886 186 89
887 716 39
888 668 67
889 51 51
890 706 11
891 87 78
892 339 94
893 285 83
894 761 17
895 74 61
896 601 17
897 737 15
898 403 51
899 671 15
900 745 6
901 805 25
902 431 68
903 93 89
904 828 79
905 623 24
906 608 14
907 620 40
908 167 94
909 386 68
910 554 100
911 391 26
912 796 79
913 825 3
914 343 45
915 345 90
916 799 46
917 179 23
918 821 44
919 911 97
920 542 42
921 851 94
922 557 64
923 109 30
924 800 52
925 64 64
926 318 22
927 440 17
928 850 69
929 169 41
930 464 25
931 682 61
932 582 53
933 271 61
934 33 42
935 480 54
936 899 63
937 130 30
938 723 92
939 193 65
940 817 38
941 702 60
942 647 23
943 346 66
944 720 77
945 804 84
946 9 96
947 281 82
948 932 93
949 473 45
950 263 47
951 202 24
952 467 69
953 243 59
954 681 53
955 399 23
956 416 7
957 621 23
958 223 99
959 117 83
960 907 91
961 733 13
962 734 71
963 637 82
964 365 58
965 241 82
966 808 36
967 356 86
968 774 30
969 368 38
970 728 21
971 659 2
972 504 14
973 421 4
974 371 83
975 676 26
976 59 89
977 805 4
978 260 4
979 219 86
980 587 99
981 761 99
982 686 33
983 424 57
984 866 92
985 958 7
986 373 58
987 799 38
988 96 2
989 777 85
990 523 79
991 380 88
992 873 36
993 595 83
994 886 99
995 371 4
996 172 37
997 892 95
998 988 39
999 434 98
1000 73 44