100 100
11 10 7 5 1 4 3 2 6 8 9 98 40 27 26 23 13 12 20 16 15 14 19 18 17 22 21 25 24 30 29 28 38 32 31 35 33 34 37 36 39 59 52 47 45 42 41 43 44 46 48 51 50 49 57 53 54 56 55 58 84 81 68 62 60 61 67 65 64 63 66 71 70 69 79 74 72 73 75 77 76 78 80 82 83 89 85 88 86 87 96 90 94 92 91 93 95 97 99
2 1
3 2
4 1
5 2
6 5
7 2
8 6
9 1
10 3
11 3
12 11
13 11
14 9
15 6
16 8
17 10
18 11
19 16
20 8
21 20
22 6
23 21
24 17
25 20
26 16
27 11
28 18
29 28
30 22
31 7
32 29
33 5
34 27
35 26
36 24
37 14
38 5
39 31
40 29
41 27
42 33
43 12
44 31
45 20
46 38
47 13
48 8
49 40
50 12
51 31
52 17
53 2
54 8
55 26
56 17
57 51
58 24
59 17
60 26
61 59
62 9
63 40
64 30
65 52
66 57
67 23
68 29
69 24
70 12
71 53
72 5
73 62
74 59
75 33
76 18
77 40
78 60
79 73
80 45
81 71
82 31
83 76
84 30
85 3
86 83
87 21
88 76
89 22
90 42
91 10
92 56
93 79
94 75
95 12
96 59
97 3
98 30
99 44
100 84
101 47
102 91
103 34
104 35
105 61
106 70
107 20
108 95
109 87
110 95
111 67
112 4
113 72
114 41
115 21
116 70
117 5
118 71
119 17
120 51
121 103
122 35
123 39
124 83
125 39
126 36
127 109
128 92
129 52
130 52
131 68
132 40
133 91
134 9
135 46
136 101
137 80
138 122
139 79
140 67
141 60
142 127
143 128
144 85
145 10
146 131
147 106
148 84
149 105
150 110
151 125
152 92
153 83
154 13
155 139
156 82
157 120
158 5
159 130
160 26
161 150
162 102
163 32
164 110
165 38
166 110
167 15
168 42
169 104
170 164
171 36
172 61
173 89
174 73
175 157
176 119
177 44
178 35
179 104
180 161
181 45
182 87
183 115
184 54
185 35
186 99
187 136
188 116
189 133
190 45
191 5
192 123
193 88
194 17
195 86
196 21
197 80
198 21
199 58
22 80 37 69
7 8 14 100
21 96 86 90
34 35 39 82
82 99 34 88
11 80 10 41
23 59 64 85
90 92 7 17
2 95 17 90
13 34 59 63
42 82 20 71
3 76 24 42
4 27 1 39
56 62 61 98
35 50 12 85
5 97 38 65
24 90 13 31
17 100 28 37
75 100 32 99
12 30 3 19
11 53 74 89
95 100 75 86
27 32 19 45
79 88 22 54
30 83 38 74
41 45 62 66
10 77 34 56
1 75 51 95
29 42 3 85
13 98 41 52
16 41 16 42
29 46 36 57
36 61 6 9
67 71 71 94
32 87 42 48
47 64 59 66
71 91 63 77
24 31 4 15
2 79 16 44
43 58 23 51
34 94 56 100
75 77 34 57
37 72 23 30
19 47 36 81
10 80 13 83
57 87 39 91
2 72 8 85
39 94 65 83
27 71 51 75
25 100 85 90
6 27 44 45
10 15 2 22
62 97 19 84
33 93 1 95
18 52 13 34
41 99 2 26
7 64 9 39
50 76 9 41
16 60 62 85
27 97 14 78
50 100 30 33
6 50 21 83
26 62 30 32
71 81 69 83
3 72 59 71
2 6 5 88
27 51 7 45
19 88 44 70
1 31 26 35
11 49 19 29
28 40 4 24
10 78 5 66
92 97 19 20
37 42 6 76
21 62 7 53
55 76 25 82
7 71 3 46
10 30 52 95
15 80 5 69
64 84 27 97
11 70 48 49
17 72 27 62
26 30 37 93
59 79 48 79
68 92 16 42
70 100 31 84
50 78 10 12
37 64 20 57
13 49 78 85
59 93 5 22
17 83 5 10
18 68 28 61
38 89 63 72
70 81 53 85
9 79 30 81
35 41 44 49
42 62 99 100
39 75 23 68
47 54 26 33
31 57 36 45
