1000 2000
1 2 0
1 3 1
1 9 2
1 56 3
1 152 4
1 193 5
1 313 6
1 635 7
2 5 8
2 7 9
2 28 10
2 41 11
2 311 12
2 331 13
2 357 14
2 682 15
3 4 16
3 18 17
3 22 18
3 105 19
3 221 20
3 312 21
3 869 22
3 901 23
3 977 24
4 6 25
4 12 26
4 34 27
4 148 28
4 847 29
5 21 30
5 58 31
5 127 32
5 457 33
5 985 34
6 26 35
6 102 36
6 214 37
6 280 38
6 552 39
6 709 40
7 8 41
7 10 42
7 40 43
7 57 44
7 104 45
7 145 46
7 229 47
7 391 48
7 609 49
7 859 50
8 11 51
8 38 52
8 136 53
8 165 54
8 221 55
8 489 56
8 779 57
9 17 58
9 44 59
9 52 60
9 70 61
9 88 62
9 130 63
9 341 64
9 630 65
9 636 66
10 13 67
10 15 68
11 14 69
11 16 70
11 27 71
11 39 72
11 91 73
11 147 74
11 155 75
11 639 76
11 712 77
12 43 78
12 101 79
12 266 80
12 284 81
12 376 82
12 430 83
12 598 84
12 709 85
12 750 86
13 31 87
13 50 88
13 55 89
13 113 90
13 475 91
13 502 92
13 678 93
13 691 94
14 161 95
14 216 96
14 590 97
14 729 98
14 845 99
15 19 100
15 23 0
15 36 1
15 46 2
15 430 3
15 450 4
15 955 5
15 996 6
16 30 7
16 67 8
16 86 9
16 588 10
16 596 11
16 878 12
17 20 13
17 223 14
17 953 15
18 25 16
18 29 17
18 118 18
18 212 19
18 551 20
18 736 21
19 24 22
19 61 23
19 107 24
19 285 25
19 394 26
19 589 27
19 761 28
20 47 29
20 62 30
20 464 31
20 496 32
20 550 33
20 942 34
20 970 35
20 989 36
21 90 37
21 244 38
21 311 39
21 433 40
21 539 41
21 780 42
22 48 43
22 119 44
22 150 45
22 255 46
22 264 47
23 32 48
23 54 49
23 222 50
23 387 51
23 575 52
23 915 53
23 969 54
24 261 55
24 451 56
24 489 57
25 77 58
25 79 59
25 117 60
25 157 61
25 275 62
25 323 63
25 454 64
25 472 65
26 49 66
26 227 67
26 424 68
27 35 69
27 348 70
27 581 71
27 834 72
27 853 73
27 955 74
28 115 75
28 383 76
29 604 77
29 784 78
30 33 79
30 159 80
30 176 81
30 328 82
30 464 83
30 502 84
30 608 85
31 123 86
31 146 87
31 149 88
31 159 89
31 201 90
31 460 91
31 559 92
31 708 93
32 51 94
32 105 95
32 291 96
32 494 97
32 503 98
32 560 99
32 884 100
33 37 0
33 42 1
33 53 2
33 59 3
33 64 4
33 66 5
33 71 6
33 117 7
33 954 8
34 93 9
34 98 10
34 221 11
34 438 12
34 496 13
34 560 14
34 968 15
35 109 16
35 175 17
35 424 18
35 434 19
35 898 20
36 75 21
36 153 22
36 484 23
36 803 24
36 815 25
37 45 26
37 151 27
37 198 28
37 338 29
37 372 30
37 549 31
37 606 32
37 677 33
37 755 34
37 795 35
38 96 36
38 180 37
38 232 38
38 843 39
39 210 40
39 419 41
39 735 42
40 113 43
40 128 44
40 232 45
40 546 46
40 687 47
40 845 48
40 848 49
41 506 50
41 543 51
42 62 52
42 137 53
42 772 54
43 127 55
43 327 56
43 355 57
43 410 58
43 525 59
43 752 60
44 68 61
44 69 62
44 193 63
44 211 64
44 267 65
44 289 66
44 325 67
44 559 68
44 591 69
44 988 70
45 116 71
45 203 72
45 286 73
45 337 74
45 723 75
45 780 76
45 842 77
46 169 78
46 182 79
46 292 80
46 519 81
46 584 82
46 619 83
46 877 84
47 72 85
47 183 86
47 220 87
47 544 88
47 629 89
47 749 90
47 751 91
48 63 92
48 294 93
48 321 94
48 481 95
48 545 96
48 614 97
48 735 98
49 89 99
49 239 100
49 985 0
50 74 1
50 78 2
50 81 3
50 318 4
50 766 5
51 85 6
51 185 7
51 237 8
51 303 9
51 508 10
52 58 11
52 76 12
52 345 13
52 782 14
53 65 15
53 134 16
53 182 17
53 325 18
53 541 19
53 653 20
53 828 21
53 946 22
54 87 23
54 167 24
54 301 25
54 403 26
54 809 27
55 94 28
55 332 29
56 60 30
56 231 31
56 526 32
56 681 33
56 744 34
57 184 35
57 246 36
57 277 37
57 410 38
57 543 39
57 560 40
58 121 41
58 385 42
58 500 43
58 831 44
59 72 45
59 235 46
59 314 47
59 390 48
59 859 49
59 986 50
60 73 51
60 278 52
60 344 53
60 518 54
61 84 55
61 268 56
61 672 57
61 692 58
61 829 59
61 930 60
61 993 61
62 143 62
62 188 63
62 463 64
62 610 65
62 722 66
62 744 67
63 132 68
63 930 69
64 83 70
64 92 71
64 212 72
64 364 73
65 73 74
65 144 75
65 376 76
65 448 77
65 747 78
65 758 79
65 759 80
66 245 81
66 520 82
67 298 83
67 572 84
67 974 85
68 107 86
68 126 87
68 164 88
68 238 89
68 542 90
69 82 91
69 199 92
69 297 93
69 304 94
69 708 95
69 713 96
69 897 97
70 96 98
70 97 99
70 106 100
70 198 0
70 320 1
70 873 2
71 268 3
71 953 4
72 80 5
72 108 6
72 302 7
72 705 8
72 802 9
73 169 10
73 591 11
73 802 12
74 103 13
74 226 14
74 354 15
74 384 16
75 124 17
75 333 18
75 934 19
76 84 20
76 423 21
77 174 22
77 240 23
77 297 24
77 359 25
77 548 26
77 581 27
77 767 28
77 779 29
78 101 30
78 119 31
78 142 32
78 268 33
78 522 34
78 632 35
79 196 36
79 672 37
79 793 38
79 977 39
80 100 40
81 111 41
81 112 42
81 130 43
82 407 44
82 589 45
82 616 46
82 619 47
83 226 48
83 262 49
83 487 50
83 508 51
83 653 52
83 748 53
84 218 54
84 272 55
84 430 56
84 769 57
84 968 58
85 110 59
85 129 60
85 131 61
85 261 62
86 138 63
86 162 64
86 305 65
86 322 66
86 451 67
86 759 68
86 807 69
87 99 70
87 144 71
87 181 72
87 396 73
87 459 74
87 733 75
87 763 76
87 829 77
88 95 78
88 172 79
88 179 80
88 415 81
88 477 82
88 845 83
88 869 84
89 648 85
89 891 86
90 310 87
90 618 88
90 842 89
90 987 90
91 428 91
91 501 92
91 639 93
91 765 94
92 97 95
92 114 96
92 122 97
92 125 98
92 168 99
92 308 100
93 146 0
93 417 1
93 534 2
93 687 3
93 695 4
93 716 5
94 156 6
94 189 7
94 196 8
94 389 9
94 399 10
94 718 11
95 162 12
95 248 13
95 304 14
95 379 15
95 485 16
95 586 17
95 597 18
95 898 19
96 338 20
96 375 21
96 853 22
96 970 23
97 443 24
97 505 25
98 186 26
98 429 27
98 432 28
98 908 29
98 995 30
99 617 31
99 800 32
99 860 33
100 258 34
100 326 35
101 284 36
101 384 37
101 830 38
102 739 39
103 141 40
103 201 41
103 376 42
103 566 43
104 265 44
105 368 45
105 766 46
106 138 47
106 657 48
106 811 49
107 463 50
107 678 51
108 224 52
108 297 53
108 311 54
108 742 55
108 834 56
109 160 57
109 267 58
109 479 59
109 838 60
109 920 61
110 138 62
110 205 63
110 264 64
110 430 65
110 458 66
110 814 67
111 317 68
111 561 69
111 647 70
112 482 71
113 350 72
113 406 73
113 416 74
113 583 75
113 866 76
113 891 77
113 899 78
114 135 79
114 199 80
114 746 81
115 133 82
115 154 83
115 183 84
115 342 85
115 359 86
115 802 87
115 805 88
116 120 89
116 743 90
116 941 91
117 395 92
117 412 93
117 824 94
118 336 95
118 394 96
119 140 97
119 200 98
119 209 99
119 303 100
119 812 0
120 202 1
120 228 2
120 717 3
121 171 4
121 178 5
121 187 6
122 170 7
122 263 8
122 925 9
123 840 10
123 908 11
124 332 12
124 463 13
124 504 14
125 256 15
125 559 16
125 631 17
125 690 18
125 704 19
125 826 20
126 127 21
126 158 22
126 197 23
126 241 24
126 283 25
126 393 26
126 431 27
127 185 28
128 139 29
128 660 30
128 880 31
129 171 32
129 273 33
129 346 34
129 375 35
129 453 36
129 517 37
129 626 38
129 775 39
129 924 40
130 270 41
130 294 42
130 330 43
130 555 44
130 672 45
131 208 46
131 237 47
131 346 48
131 613 49
131 695 50
131 991 51
132 252 52
132 466 53
132 801 54
132 839 55
132 999 56
133 416 57
133 544 58
134 233 59
134 271 60
134 308 61
134 410 62
135 175 63
135 272 64
135 349 65
135 366 66
135 451 67
135 509 68
135 671 69
136 234 70
136 431 71
136 448 72
136 698 73
136 712 74
136 804 75
136 828 76
136 966 77
138 194 78
138 288 79
138 607 80
139 173 81
139 343 82
139 574 83
139 809 84
139 815 85
140 148 86
140 184 87
140 195 88
140 470 89
140 749 90
141 163 91
141 222 92
142 157 93
142 429 94
142 777 95
142 872 96
142 930 97
143 244 98
143 436 99
143 598 100
143 866 0
143 911 1
144 159 2
144 186 3
144 348 4
144 350 5
144 420 6
144 663 7
144 931 8
145 422 9
145 445 10
145 488 11
145 715 12
145 802 13
146 210 14
146 269 15
146 295 16
146 405 17
146 443 18
146 447 19
146 615 20
146 712 21
147 190 22
147 290 23
147 327 24
147 509 25
147 558 26
148 191 27
148 465 28
148 498 29
148 750 30
148 992 31
149 159 32
149 207 33
149 242 34
149 583 35
149 690 36
150 692 37
151 707 38
152 213 39
152 347 40
153 195 41
153 280 42
153 341 43
153 649 44
153 771 45
154 273 46
154 699 47
154 840 48
155 409 49
155 718 50
155 934 51
156 204 52
156 276 53
156 351 54
156 661 55
157 164 56
157 437 57
157 613 58
158 177 59
158 343 60
158 461 61
158 686 62
159 611 63
159 687 64
160 255 65
160 321 66
161 187 67
161 300 68
161 334 69
161 603 70
162 181 71
163 166 72
163 185 73
163 309 74
163 318 75
163 355 76
164 341 77
164 393 78
164 565 79
164 768 80
164 936 81
165 348 82
165 358 83
165 750 84
165 768 85
165 967 86
166 177 87
166 282 88
166 570 89
167 242 90
167 340 91
167 680 92
167 780 93
167 806 94
168 230 95
168 253 96
168 344 97
168 628 98
168 884 99
169 738 100
171 181 0
171 217 1
171 274 2
171 401 3
171 699 4
171 753 5
172 316 6
172 435 7
172 488 8
172 755 9
173 436 10
173 510 11
173 972 12
174 233 13
174 347 14
174 524 15
175 279 16
175 503 17
175 698 18
176 607 19
176 828 20
176 975 21
177 285 22
177 704 23
178 230 24
178 412 25
178 683 26
178 749 27
178 953 28
178 971 29
179 983 30
180 247 31
180 260 32
180 272 33
180 720 34
180 990 35
181 393 36
181 428 37
181 768 38
181 822 39
182 562 40
182 653 41
182 942 42
183 206 43
183 879 44
184 728 45
184 834 46
185 286 47
185 426 48
185 595 49
185 701 50
186 192 51
186 364 52
186 889 53
187 599 54
187 756 55
187 876 56
189 215 57
189 219 58
189 493 59
189 620 60
189 838 61
190 365 62
190 452 63
190 511 64
190 513 65
190 638 66
190 814 67
190 963 68
191 249 69
191 286 70
191 796 71
192 307 72
192 410 73
192 768 74
193 320 75
193 408 76
193 611 77
193 667 78
193 693 79
194 195 80
194 360 81
194 493 82
194 680 83
194 726 84
194 843 85
195 222 86
195 477 87
195 553 88
195 635 89
196 430 90
196 965 91
197 236 92
197 310 93
197 988 94
198 340 95
198 508 96
198 636 97
198 810 98
198 850 99
199 250 100
199 590 0
200 633 1
200 767 2
201 657 3
201 890 4
202 352 5
202 876 6
203 366 7
203 454 8
203 725 9
204 529 10
204 580 11
204 586 12
204 603 13
205 386 14
205 483 15
205 541 16
205 617 17
205 734 18
206 211 19
206 315 20
206 333 21
206 400 22
206 871 23
207 900 24
207 950 25
207 999 26
208 228 27
208 816 28
209 243 29
209 389 30
210 315 31
210 634 32
210 686 33
210 964 34
210 1000 35
213 237 36
213 576 37
213 867 38
213 947 39
214 510 40
214 564 41
214 581 42
214 802 43
215 397 44
215 451 45
215 679 46
215 716 47
215 857 48
216 337 49
216 461 50
216 793 51
217 821 52
217 901 53
217 962 54
218 225 55
218 614 56
218 822 57
219 293 58
220 270 59
220 767 60
220 803 61
220 999 62
221 313 63
221 454 64
221 699 65
222 567 66
223 329 67
223 597 68
223 719 69
224 356 70
224 611 71
225 371 72
225 505 73
226 431 74
226 533 75
227 298 76
227 319 77
227 373 78
227 507 79
227 554 80
227 636 81
227 811 82
228 768 83
228 997 84
229 537 85
229 964 86
230 299 87
230 519 88
231 556 89
231 837 90
232 244 91
232 263 92
232 306 93
232 832 94
233 254 95
234 405 96
234 409 97
234 466 98
234 858 99
234 911 100
235 806 0
236 355 1
236 360 2
236 897 3
237 259 4
237 380 5
237 382 6
237 527 7
237 759 8
237 918 9
238 438 10
238 530 11
238 727 12
238 774 13
238 816 14
239 535 15
240 495 16
240 521 17
240 958 18
241 251 19
241 439 20
241 478 21
241 611 22
241 764 23
241 766 24
241 832 25
241 914 26
242 584 27
242 613 28
242 664 29
242 737 30
243 810 31
243 856 32
243 899 33
243 913 34
243 937 35
244 269 36
244 296 37
244 577 38
245 523 39
245 680 40
246 414 41
246 626 42
246 718 43
246 770 44
247 356 45
247 711 46
248 350 47
249 257 48
249 529 49
249 884 50
249 889 51
249 923 52
251 723 53
252 448 54
252 675 55
252 756 56
252 790 57
253 666 58
253 814 59
255 419 60
255 681 61
255 920 62
256 936 63
257 397 64
257 669 65
257 738 66
258 724 67
258 757 68
258 821 69
258 996 70
259 490 71
259 516 72
259 780 73
259 953 74
260 335 75
260 594 76
260 670 77
260 745 78
261 550 79
261 781 80
262 265 81
262 683 82
262 735 83
262 869 84
262 899 85
262 906 86
263 306 87
263 339 88
264 411 89
264 456 90
264 490 91
265 287 92
265 300 93
265 369 94
265 409 95
265 540 96
265 650 97
265 780 98
265 872 99
266 462 100
266 469 0
267 404 1
267 407 2
267 714 3
267 920 4
269 668 5
269 685 6
269 797 7
270 381 8
270 587 9
270 654 10
271 347 11
271 463 12
271 680 13
271 825 14
271 885 15
272 281 16
272 321 17
272 324 18
272 339 19
272 767 20
273 359 21
273 372 22
273 574 23
273 646 24
273 827 25
273 951 26
273 986 27
274 480 28
275 440 29
275 573 30
275 786 31
276 325 32
276 368 33
277 361 34
277 376 35
277 690 36
277 744 37
279 374 38
279 974 39
280 535 40
280 584 41
280 593 42
280 624 43
280 650 44
280 980 45
281 348 46
281 499 47
282 731 48
282 867 49
283 302 50
283 467 51
284 444 52
284 512 53
285 921 54
286 355 55
286 952 56
287 512 57
287 810 58
287 955 59
288 313 60
288 332 61
288 495 62
288 721 63
288 767 64
288 795 65
289 598 66
289 661 67
289 801 68
289 973 69
290 362 70
290 512 71
290 902 72
291 645 73
292 575 74
292 625 75
292 883 76
292 956 77
293 438 78
293 767 79
293 798 80
294 693 81
294 849 82
295 330 83
295 613 84
296 455 85
296 663 86
296 720 87
296 894 88
296 970 89
297 375 90
297 605 91
298 306 92
298 335 93
298 353 94
298 362 95
298 774 96
299 400 97
299 447 98
300 504 99
300 665 100
300 832 0
300 882 1
301 413 2
301 462 3
301 557 4
301 961 5
302 641 6
302 667 7
302 752 8
303 622 9
303 792 10
304 457 11
304 621 12
305 562 13
306 547 14
307 463 15
307 523 16
308 940 17
309 963 18
310 798 19
310 950 20
311 415 21
311 594 22
311 713 23
312 697 24
314 791 25
314 904 26
314 970 27
315 388 28
315 887 29
315 917 30
316 713 31
317 395 32
317 800 33
317 946 34
318 455 35
318 864 36
319 699 37
319 793 38
321 583 39
321 940 40
322 392 41
323 555 42
323 997 43
324 332 44
324 363 45
324 514 46
324 900 47
325 436 48
325 795 49
326 555 50
327 338 51
327 382 52
327 582 53
327 719 54
327 782 55
328 403 56
329 646 57
329 654 58
330 764 59
330 855 60
331 392 61
331 471 62
331 540 63
332 369 64
332 378 65
332 698 66
332 812 67
332 900 68
332 945 69
332 949 70
332 999 71
333 425 72
333 626 73
334 507 74
334 652 75
334 729 76
335 349 77
335 627 78
336 367 79
336 555 80
336 817 81
337 344 82
337 538 83
337 861 84
338 377 85
338 528 86
338 566 87
339 702 88
339 967 89
340 696 90
340 722 91
340 927 92
341 813 93
342 629 94
342 744 95
342 756 96
343 949 97
344 688 98
344 815 99
344 818 100
345 489 0
345 598 1
345 665 2
346 437 3
347 429 4
349 776 5
350 532 6
350 784 7
350 826 8
351 494 9
351 862 10
351 1000 11
352 388 12
352 440 13
352 749 14
353 680 15
356 370 16
357 578 17
358 402 18
359 539 19
359 642 20
359 680 21
360 476 22
360 530 23
361 365 24
361 445 25
361 543 26
361 544 27
362 392 28
362 427 29
362 482 30
362 599 31
363 841 32
364 378 33
364 648 34
365 650 35
365 724 36
366 455 37
366 815 38
367 465 39
367 500 40
368 390 41
368 442 42
368 910 43
368 939 44
368 954 45
368 989 46
369 398 47
369 1000 48
370 589 49
370 754 50
370 898 51
370 975 52
371 464 53
371 699 54
371 982 55
372 868 56
373 408 57
375 775 58
376 735 59
376 763 60
377 549 61
378 410 62
378 670 63
378 744 64
378 860 65
379 397 66
379 445 67
379 559 68
379 695 69
380 590 70
381 383 71
381 474 72
381 560 73
382 437 74
382 812 75
383 491 76
383 731 77
384 386 78
384 400 79
384 751 80
385 700 81
385 997 82
387 418 83
387 449 84
387 485 85
387 642 86
387 673 87
387 735 88
388 395 89
388 832 90
389 474 91
391 451 92
391 640 93
392 476 94
392 508 95
394 492 96
394 595 97
394 942 98
395 913 99
395 998 100
396 592 0
396 749 1
396 996 2
398 541 3
398 589 4
399 601 5
400 516 6
400 613 7
400 617 8
400 949 9
401 637 10
401 710 11
401 996 12
402 702 13
403 416 14
403 799 15
403 984 16
404 430 17
404 497 18
404 603 19
404 679 20
404 685 21
404 949 22
405 769 23
406 441 24
407 535 25
407 545 26
409 421 27
409 425 28
410 494 29
410 690 30
411 861 31
411 907 32
411 956 33
413 534 34
413 630 35
414 921 36
415 446 37
415 472 38
415 742 39
417 674 40
418 888 41
420 438 42
420 779 43
421 482 44
421 831 45
422 615 46
422 891 47
424 429 48
424 911 49
425 777 50
425 845 51
426 871 52
426 906 53
428 440 54
428 468 55
428 473 56
428 615 57
428 764 58
428 963 59
429 659 60
431 445 61
432 704 62
432 889 63
433 456 64
433 671 65
433 835 66
434 607 67
434 747 68
434 915 69
434 924 70
435 449 71
435 633 72
435 723 73
435 860 74
435 983 75
436 846 76
436 874 77
438 597 78
438 646 79
439 537 80
439 663 81
440 730 82
441 469 83
441 669 84
441 864 85
441 993 86
442 851 87
443 492 88
443 606 89
444 801 90
444 804 91
445 776 92
445 783 93
446 527 94
446 761 95
446 913 96
446 939 97
447 486 98
447 556 99
447 585 100
447 675 0
448 563 1
448 601 2
449 666 3
449 949 4
450 473 5
450 541 6
450 624 7
450 929 8
452 656 9
452 813 10
452 941 11
453 706 12
453 728 13
453 784 14
455 654 15
455 788 16
456 570 17
456 644 18
456 765 19
456 820 20
456 890 21
457 815 22
457 965 23
458 520 24
458 577 25
458 801 26
459 553 27
461 481 28
461 758 29
463 697 30
463 762 31
463 850 32
464 719 33
464 734 34
464 778 35
466 531 36
467 591 37
467 684 38
467 821 39
468 713 40
468 717 41
468 879 42
469 600 43
469 973 44
469 989 45
470 955 46
471 536 47
471 703 48
471 950 49
473 962 50
475 483 51
475 896 52
476 758 53
476 866 54
480 995 55
481 786 56
482 725 57
484 690 58
484 863 59
484 921 60
487 686 61
488 955 62
490 499 63
490 528 64
490 688 65
490 799 66
490 910 67
492 506 68
492 612 69
493 947 70
494 709 71
497 641 72
497 844 73
498 518 74
498 682 75
499 961 76
500 591 77
500 762 78
501 676 79
502 592 80
502 649 81
503 640 82
503 659 83
503 826 84
503 870 85
503 903 86
505 507 87
505 515 88
506 589 89
506 845 90
507 905 91
508 728 92
508 753 93
508 767 94
509 783 95
509 823 96
509 831 97
509 918 98
510 967 99
511 832 100
513 525 0
513 569 1
514 568 2
514 655 3
514 855 4
514 903 5
515 934 6
516 558 7
517 881 8
518 836 9
518 944 10
519 960 11
520 666 12
520 804 13
521 748 14
521 938 15
522 572 16
522 928 17
522 935 18
523 623 19
523 670 20
524 715 21
524 946 22
525 778 23
527 723 24
527 784 25
527 894 26
528 746 27
528 936 28
529 567 29
529 703 30
529 800 31
531 868 32
532 678 33
533 805 34
533 970 35
535 988 36
536 647 37
537 705 38
538 567 39
538 833 40
539 719 41
539 803 42
540 622 43
540 732 44
542 773 45
543 658 46
543 794 47
543 993 48
545 607 49
545 869 50
546 698 51
546 854 52
547 872 53
549 794 54
550 869 55
550 918 56
551 744 57
551 766 58
551 772 59
553 807 60
555 660 61
556 571 62
557 988 63
558 697 64
559 632 65
560 664 66
560 926 67
561 574 68
561 708 69
561 902 70
562 772 71
564 579 72
564 724 73
564 890 74
565 819 75
566 911 76
567 602 77
567 666 78
567 765 79
568 979 80
570 702 81
571 802 82
572 670 83
572 910 84
573 697 85
574 726 86
574 778 87
575 760 88
575 829 89
577 865 90
578 671 91
579 932 92
580 689 93
581 653 94
581 669 95
581 746 96
582 989 97
583 740 98
583 890 99
584 629 100
584 848 0
585 834 1
586 609 2
586 681 3
586 788 4
586 965 5
587 791 6
588 651 7
588 701 8
588 705 9
588 838 10
588 977 11
589 779 12
589 940 13
590 606 14
590 623 15
590 722 16
590 960 17
591 897 18
592 691 19
592 872 20
593 611 21
594 662 22
594 819 23
594 836 24
594 892 25
595 912 26
595 963 27
596 636 28
597 599 29
597 936 30
598 604 31
598 739 32
599 982 33
600 876 34
601 656 35
601 847 36
602 725 37
603 634 38
603 654 39
603 698 40
603 941 41
604 681 42
604 792 43
605 977 44
606 932 45
606 992 46
608 995 47
610 808 48
610 874 49
611 613 50
612 956 51
613 969 52
614 834 53
615 989 54
616 625 55
618 714 56
618 789 57
621 673 58
621 745 59
623 708 60
623 843 61
627 790 62
628 661 63
628 900 64
629 768 65
630 643 66
631 879 67
633 688 68
633 840 69
634 670 70
634 743 71
638 681 72
641 709 73
643 644 74
643 849 75
644 659 76
645 810 77
646 994 78
647 714 79
647 960 80
649 899 81
649 948 82
650 778 83
651 656 84
651 675 85
651 688 86
651 948 87
652 689 88
655 988 89
656 706 90
656 745 91
657 773 92
658 708 93
658 770 94
658 973 95
659 673 96
659 830 97
660 927 98
661 973 99
662 909 100
663 801 0
663 827 1
663 897 2
664 742 3
664 911 4
665 933 5
666 783 6
666 859 7
666 868 8
667 950 9
670 838 10
672 685 11
672 827 12
672 918 13
673 677 14
673 904 15
674 919 16
675 867 17
677 723 18
678 774 19
678 817 20
678 834 21
680 722 22
680 828 23
681 778 24
683 787 25
684 698 26
684 711 27
684 850 28
686 712 29
687 866 30
688 883 31
688 904 32
689 694 33
689 761 34
689 1000 35
690 739 36
690 817 37
692 987 38
693 987 39
694 710 40
696 885 41
697 741 42
699 792 43
702 887 44
702 995 45
704 771 46
705 796 47
706 756 48
709 794 49
711 782 50
711 804 51
711 868 52
714 801 53
716 925 54
718 758 55
718 835 56
720 734 57
720 773 58
720 981 59
721 897 60
723 870 61
725 772 62
725 783 63
725 916 64
725 944 65
726 878 66
727 846 67
727 945 68
727 961 69
729 845 70
731 794 71
731 821 72
731 996 73
732 787 74
732 885 75
734 738 76
734 747 77
735 844 78
736 936 79
737 915 80
739 758 81
739 796 82
740 811 83
742 871 84
743 949 85
745 754 86
745 819 87
748 773 88
748 852 89
752 861 90
753 878 91
753 893 92
755 756 93
755 852 94
758 919 95
760 820 96
760 899 97
770 785 98
773 832 99
775 810 100
775 815 0
776 980 1
781 789 2
781 935 3
782 912 4
788 792 5
791 995 6
794 857 7
796 817 8
797 959 9
799 957 10
800 951 11
801 939 12
803 907 13
804 901 14
804 903 15
804 943 16
805 823 17
807 848 18
807 950 19
807 983 20
808 810 21
809 936 22
811 822 23
811 971 24
813 865 25
814 986 26
816 944 27
816 962 28
817 921 29
822 998 30
826 895 31
828 941 32
829 973 33
830 948 34
831 925 35
832 916 36
837 978 37
838 858 38
840 875 39
842 863 40
846 894 41
847 859 42
848 880 43
848 893 44
850 938 45
851 887 46
854 943 47
854 997 48
855 905 49
856 896 50
866 946 51
868 936 52
872 958 53
875 922 54
875 930 55
876 881 56
876 931 57
876 977 58
879 886 59
879 988 60
880 985 61
880 997 62
885 996 63
887 889 64
887 928 65
895 976 66
899 961 67
905 917 68
913 957 69
913 990 70
917 956 71
922 932 72
922 996 73
928 934 74
933 946 75
934 973 76
936 990 77
938 992 78
950 965 79
970 984 80
